grid_size: 7
iterations: 50000.0
rl_time: 100.0
slugs_time: 0.40070000000000006
sys_states: 1640
total_states: 4802
grid_size: 7
iterations: 50000.0
rl_time: 100.0
slugs_time: 0.41483199999999987
sys_states: 1640
total_states: 4802
grid_size: 7
iterations: 50000.0
rl_time: 100.0
slugs_time: 0.402413
sys_states: 1640
total_states: 4802
